      y1       y2        y3        y4        y5       y6       y7        y8       x1       x2       x3
1   2.50 0.000000  3.333333  0.000000  1.250000 0.000000 3.726360  3.333333 4.442651 3.637586 2.557615
2   1.25 0.000000  3.333333  0.000000  6.250000 1.100000 6.666666  0.736999 5.384495 5.062595 3.568079
3   7.50 8.800000  9.999998  9.199991  8.750000 8.094061 9.999998  8.211809 5.961005 6.255750 5.224433
4   8.90 8.800000  9.999998  9.199991  8.907948 8.127979 9.999998  4.615086 6.285998 7.567863 6.267495
5  10.00 3.333333  9.999998  6.666666  7.500000 3.333333 9.999998  6.666666 5.863631 6.818924 4.573679
6   7.50 3.333333  6.666666  6.666666  6.250000 1.100000 6.666666  0.368500 5.533389 5.135798 3.892270
7   7.50 3.333333  6.666666  6.666666  5.000000 2.233333 8.271257  1.485166 5.308268 5.075174 3.316213
8   7.50 2.233333  9.999998  1.496333  6.250000 3.333333 9.999998  6.666666 5.347108 4.852030 4.263183
9   2.50 3.333333  3.333333  3.333333  6.250000 3.333333 3.333333  3.333333 5.521461 5.241747 4.115168
10 10.00 6.666666  9.999998  8.899991  8.750000 6.666666 9.999998 10.000000 5.828946 5.370638 4.446216
11  7.50 3.333333  9.999998  6.666666  8.750000 3.333333 9.999998  6.666666 5.916202 6.423247 3.791545
12  7.50 3.333333  6.666666  6.666666  8.750000 3.333333 6.666666  6.666666 5.398163 6.246107 4.535708
13  7.50 3.333333  9.999998  6.666666  7.500000 3.333333 6.666666 10.000000 6.622736 7.872074 4.906154
14  7.50 7.766664  9.999998  6.666666  7.500000 0.000000 9.999998  0.000000 5.204007 5.225747 4.561047
15  7.50 9.999998  3.333333 10.000000  7.500000 6.666666 9.999998 10.000000 5.509388 6.202536 4.586286
16  7.50 9.999998  9.999998  7.766666  7.500000 1.100000 6.666666  6.666666 5.262690 5.820083 3.948911
17  2.50 3.333333  6.666666  6.666666  5.000000 1.100000 6.666666  0.368500 4.700480 5.023881 4.394491
18  1.25 0.000000  3.333333  3.333333  1.250000 3.333333 3.333333  3.333333 5.209486 4.465908 4.510268
19 10.00 9.999998  9.999998 10.000000  8.750000 9.999998 9.999998 10.000000 5.916202 6.732211 5.829084
20  7.50 3.333299  3.333333  6.666666  7.500000 2.233299 6.666666  2.948164 6.523562 6.992096 6.424591
21 10.00 9.999998  9.999998 10.000000 10.000000 9.999998 9.999998 10.000000 6.238325 6.746412 5.741711
22  1.25 0.000000  0.000000  0.000000  2.500000 0.000000 0.000000  0.000000 5.976351 6.712956 5.948168
23  2.50 0.000000  3.333333  3.333333  2.500000 0.000000 3.333333  3.333333 5.631212 5.937536 5.686755
24  7.50 6.666666  9.999998 10.000000  7.500000 6.666666 9.999998  7.766666 6.033086 6.093570 4.611429
25  8.50 9.999998  6.666666  6.666666  8.750000 9.999998 7.351018  6.666666 6.196444 6.704414 5.475261
26  6.10 0.000000  5.400000  3.333333  0.000000 0.000000 4.696028  3.333333 4.248495 2.708050 1.740830
27  3.30 0.000000  6.666666  3.333333  6.250000 0.000000 6.666666  3.333333 5.141664 4.564348 2.255134
28  2.90 3.333333  6.666666  3.333333  2.385559 0.000000 3.177568  1.116666 4.174387 3.688879 3.046927
29  9.20 0.000000  9.900000  3.333333  7.609660 0.000000 8.118828  3.333333 4.382027 2.890372 1.711279
30  6.90 0.000000  6.666666  3.333333  4.226033 0.000000 0.000000  0.000000 4.290459 1.609438 1.001674
31  2.90 0.000000  3.333333  3.333333  5.000000 0.000000 3.333333  3.333333 4.934474 4.234107 1.418971
32  2.00 0.000000  0.000000  0.000000  0.000000 0.000000 0.000000  0.000000 3.850148 1.945910 2.345229
33  5.00 0.000000  3.333333  3.333333  5.000000 0.000000 3.333333  3.333333 5.181784 4.394449 3.167167
34  5.00 0.000000  9.999998  3.333333  0.000000 0.000000 3.333333  0.744370 5.062595 4.595120 3.834970
35  4.10 9.999998  4.700000  6.666666  3.750000 0.000000 7.827667  6.666666 4.691348 4.143135 2.255134
36  6.30 9.999998  9.999998  6.666666  6.250000 2.233333 6.666666  2.955702 4.248495 3.367296 3.217506
37  5.20 4.999998  6.600000  3.333333  3.633403 1.100000 3.314128  3.333333 5.564520 5.236442 2.677633
38  5.00 3.333333  6.400000  6.666666  2.844997 0.000000 4.429657  1.485166 4.727388 3.610918 1.418971
39  3.10 4.999998  4.200000  5.000000  3.750000 0.000000 6.164304  3.333333 4.143135 2.302585 1.418971
40  4.10 9.999998  6.666666  3.333333  5.000000 0.000000 4.938089  2.233333 4.317488 4.955827 4.249888
41  5.00 9.999998  6.666666  1.666666  5.000000 0.000000 6.666666  0.368500 5.141664 4.430817 3.046927
42  5.00 7.700000  6.666666  8.399997  6.250000 4.358243 9.999998  4.141377 4.488636 3.465736 2.013579
43  5.00 6.200000  9.999998  6.060997  5.000000 2.782771 6.666666  4.974739 4.615121 4.941642 2.255134
44  5.60 4.900000  0.000000  0.000000  6.555647 4.055463 6.666666  3.821796 3.850148 2.397895 1.740830
45  5.70 4.800000  0.000000  0.000000  6.555647 4.055463 0.000000  0.000000 3.970292 2.397895 1.050741
46  7.50 9.999998  7.900000  6.666666  3.750000 9.999998 7.631891  6.666666 3.784190 3.091042 2.113313
47  2.50 0.000000  6.666666  3.333333  2.500000 0.000000 0.000000  0.000000 3.806662 2.079442 2.137561
48  8.90 9.999998  9.700000  6.666666  5.000000 9.999998 9.556024  6.666666 4.532599 3.610918 1.587802
49  7.60 0.000000 10.000000  0.000000  5.000000 1.100000 6.666666  1.099999 5.117994 4.934474 3.834970
50  7.80 9.999998  6.666666  6.666666  5.000000 3.333333 6.666666  6.666666 5.049856 5.111988 4.381490
51  2.50 0.000000  6.666666  3.333333  5.000000 0.000000 6.666666  3.333333 5.393628 5.638355 4.169451
52  3.80 0.000000  5.100000  0.000000  3.750000 0.000000 6.666666  1.485166 4.477337 3.931826 2.474671
53  5.00 3.333333  3.333333  2.233333  5.000000 3.333333 6.666666  5.566663 5.257495 5.840642 5.001796
54  6.25 3.333333  9.999998  2.955702  6.250000 5.566663 9.999998  6.666666 5.379897 5.505332 3.299937
55  1.25 0.000000  3.333333  0.000000  2.500000 0.000000 0.000000  0.000000 5.298317 6.274762 4.381490
56  1.25 0.000000  4.700000  0.736999  2.500000 0.000000 3.333333  3.333333 4.859812 5.669881 3.537416
57  1.25 0.000000  6.666666  0.000000  2.500000 0.000000 5.228375  0.000000 4.969813 5.564520 4.510268
58  7.50 7.766664  9.999998  6.666666  7.500000 3.333333 9.999998  6.666666 6.011267 6.253829 5.001796
59  2.50 0.000000  6.666666  4.433333  5.000000 0.000000 6.666666  1.485166 5.075174 5.252273 5.350708
60  7.50 9.999998  9.999998 10.000000  8.750000 9.999998 9.999998 10.000000 6.736967 7.125283 6.330518
61  1.25 0.000000  0.000000  0.000000  1.250000 0.000000 0.000000  0.000000 5.225747 5.451038 3.167167
62  1.25 0.000000  0.000000  0.000000  0.000000 0.000000 0.000000  0.000000 4.025352 1.791759 2.657972
63  2.50 0.000000  0.000000  0.000000  0.000000 0.000000 6.666666  2.948164 4.234107 2.708050 2.474671
64  6.25 2.233299  6.666666  2.970332  3.750000 3.333299 6.666666  3.333333 4.644391 5.564520 3.046927
65  7.50 9.999998  9.999998 10.000000  7.500000 9.999998 9.999998 10.000000 4.418841 4.941642 3.380653
66  5.00 0.000000  6.100000  0.000000  5.000000 3.333333 9.999998  3.333333 4.262680 4.219508 4.368462
67  7.50 9.999998  9.999998 10.000000  3.750000 9.999998 9.999998 10.000000 4.875197 4.700480 3.834970
68  4.90 2.233333  9.999998  0.000000  5.000000 0.000000 3.621989  3.333333 4.189655 1.386294 1.418971
69  5.00 0.000000  8.200000  0.000000  5.000000 0.000000 0.000000  0.000000 4.521789 4.127134 2.113313
70  2.90 3.333333  6.666666  3.333333  2.500000 3.333333 6.666666  3.333333 4.653960 3.555348 1.881917
71  5.40 9.999998  6.666666  3.333333  3.750000 6.666666 6.666666  1.485166 4.477337 3.091042 1.987909
72  7.50 8.800000  9.999998  6.066666  7.500000 6.666666 9.999998  6.666666 5.337538 5.631212 3.491004
73  7.50 7.000000  9.999998  6.852998  7.500000 6.348340 6.666666  7.508044 6.129050 6.403574 5.001796
74 10.00 6.666666  9.999998 10.000000 10.000000 6.666666 9.999998 10.000000 5.003946 4.962845 3.976994
75  3.75 3.333333  0.000000  0.000000  1.250000 3.333333 0.000000  0.000000 4.488636 4.897840 2.867566
