    sex ageyr agemo      school grade        x1   x2    x3        x4   x5        x6       x7    x8       x9
1     1    13     1     Pasteur     7 3.3333333 7.75 0.375 2.3333333 5.75 1.2857143 3.391304  5.75 6.361111
2     2    13     7     Pasteur     7 5.3333333 5.25 2.125 1.6666667 3.00 1.2857143 3.782609  6.25 7.916667
3     2    13     1     Pasteur     7 4.5000000 5.25 1.875 1.0000000 1.75 0.4285714 3.260870  3.90 4.416667
4     1    13     2     Pasteur     7 5.3333333 7.75 3.000 2.6666667 4.50 2.4285714 3.000000  5.30 4.861111
5     2    12     2     Pasteur     7 4.8333333 4.75 0.875 2.6666667 4.00 2.5714286 3.695652  6.30 5.916667
6     2    14     1     Pasteur     7 5.3333333 5.00 2.250 1.0000000 3.00 0.8571429 4.347826  6.65 7.500000
7     1    12     1     Pasteur     7 2.8333333 6.00 1.000 3.3333333 6.00 2.8571429 4.695652  6.20 4.861111
8     2    12     2     Pasteur     7 5.6666667 6.25 1.875 3.6666667 4.25 1.2857143 3.391304  5.15 3.666667
9     2    13     0     Pasteur     7 4.5000000 5.75 1.500 2.6666667 5.75 2.7142857 4.521739  4.65 7.361111
10    2    12     5     Pasteur     7 3.5000000 5.25 0.750 2.6666667 5.00 2.5714286 4.130435  4.55 4.361111
11    1    12     2     Pasteur     7 3.6666667 5.75 2.000 2.0000000 3.50 1.5714286 3.739130  5.70 4.305556
12    1    12    11     Pasteur     7 5.8333333 6.00 2.875 2.6666667 4.50 2.7142857 3.695652  5.15 4.138889
13    2    12     7     Pasteur     7 5.6666667 4.50 4.125 2.6666667 4.00 2.2857143 5.869565  5.20 5.861111
14    2    12     8     Pasteur     7 6.0000000 5.50 1.750 4.6666667 4.00 1.5714286 5.130435  4.70 4.444444
15    1    12     6     Pasteur     7 5.8333333 5.75 3.625 5.0000000 5.50 3.0000000 4.000000  4.35 5.861111
16    2    12     1     Pasteur     7 4.6666667 4.75 2.375 2.6666667 4.25 0.7142857 4.086957  3.80 5.138889
17    2    14    11     Pasteur     7 4.3333333 4.75 1.500 2.0000000 4.00 1.2857143 3.695652  6.65 5.250000
18    1    13     5     Pasteur     7 5.0000000 6.75 2.250 2.0000000 2.50 1.7142857 4.000000  5.25 5.444444
19    2    12     8     Pasteur     7 5.6666667 5.25 4.000 4.3333333 5.25 3.7142857 3.913044  4.85 5.750000
20    2    12     3     Pasteur     7 6.3333333 8.75 3.000 3.6666667 3.75 2.5714286 3.478261  5.35 4.916667
21    1    14    10     Pasteur     7 5.8333333 8.00 2.000 1.6666667 2.50 0.5714286 2.608696  4.60 5.388889
22    1    12     9     Pasteur     7 6.6666667 8.50 4.125 2.0000000 3.25 2.1428571 4.478261  5.45 7.000000
23    1    12    11     Pasteur     7 5.0000000 6.25 1.875 3.3333333 5.75 3.1428571 3.478261  4.60 5.000000
24    2    12     8     Pasteur     7 3.8333333 5.50 1.625 2.6666667 3.00 1.0000000 5.826087  5.30 6.777778
25    1    12     3     Pasteur     7 5.6666667 5.50 1.250 2.3333333 3.75 1.2857143 4.695652  4.60 4.138889
26    1    12     7     Pasteur     7 5.3333333 4.00 3.375 1.6666667 3.50 1.4285714 5.739130  6.25 4.333333
27    1    12     8     Pasteur     7 5.5000000 5.25 4.500 2.6666667 2.25 0.7142857 4.130435  5.10 4.527778
28    2    13     2     Pasteur     7 6.0000000 5.00 2.125 1.6666667 3.00 1.1428571 2.826087  5.55 4.416667
29    2    12     5     Pasteur     7 4.6666667 6.00 4.250 2.0000000 3.00 2.0000000 5.130435  5.85 8.611111
30    2    12     2     Pasteur     7 5.0000000 4.50 0.750 2.6666667 3.25 1.8571429 4.652174  4.85 5.444444
31    2    12     7     Pasteur     7 3.5000000 5.75 1.375 2.0000000 3.50 1.8571429 4.826087  6.95 5.972222
32    1    16     0     Pasteur     7 3.0000000 6.00 0.250 1.6666667 3.00 1.0000000 2.043478  3.65 3.361111
33    2    12     2     Pasteur     7 5.0000000 5.25 1.750 2.6666667 5.25 2.0000000 2.695652  4.30 4.805556
34    2    12     3     Pasteur     7 4.1666667 6.00 2.375 3.3333333 4.25 1.8571429 5.391304  4.35 5.638889
35    2    13     3     Pasteur     7 3.3333333 3.75 1.500 1.3333333 3.00 0.8571429 2.782609  5.20 4.833333
36    1    13    10     Pasteur     7 4.8333333 5.25 0.500 1.6666667 4.75 1.4285714 3.130435  3.75 4.916667
37    1    12     9     Pasteur     7 5.5000000 7.00 3.500 2.6666667 4.00 2.0000000 3.826087  4.00 5.305556
38    2    12     8     Pasteur     7 3.8333333 4.50 2.250 3.0000000 3.00 1.7142857 4.086957  3.50 5.083333
39    2    12     6     Pasteur     7 6.3333333 4.00 3.875 4.0000000 5.25 3.2857143 5.521739  5.45 5.111111
40    1    12     5     Pasteur     7 5.8333333 7.75 2.500 3.0000000 5.25 3.1428571 3.217391  4.50 4.888889
41    2    12     1     Pasteur     7 3.8333333 5.75 1.625 2.6666667 4.25 2.1428571 4.913043  5.10 4.638889
42    2    13     6     Pasteur     7 3.1666667 5.00 1.250 1.6666667 4.25 1.5714286 2.826087  5.30 4.777778
43    2    13     8     Pasteur     7 1.8333333 5.25 1.000 1.6666667 3.75 0.5714286 3.956522  4.75 2.777778
44    1    14     8     Pasteur     7 4.1666667 5.25 1.875 2.0000000 3.00 1.4285714 3.956522  5.60 6.666667
45    1    14     2     Pasteur     7 6.3333333 5.50 2.750 4.6666667 5.50 2.0000000 5.391304  5.00 6.861111
46    1    13     7     Pasteur     7 6.0000000 5.50 4.500 3.0000000 4.25 1.2857143 4.826087  5.00 5.000000
47    1    13     5     Pasteur     7 7.1666667 8.50 4.000 0.6666667 1.00 1.0000000 3.347826  6.35 6.277778
48    2    13     6     Pasteur     7 3.1666667 4.75 1.375 2.6666667 3.25 1.2857143 6.130435  8.00 5.444444
49    1    12    11     Pasteur     7 4.3333333 5.50 2.750 2.0000000 2.25 1.0000000 5.652174  5.90 6.055556
50    2    13     2     Pasteur     7 4.5000000 6.25 1.125 3.6666667 5.50 2.1428571 2.565217  4.80 5.527778
51    1    13     7     Pasteur     7 5.5000000 5.75 3.750 1.6666667 2.25 0.1428571 2.347826  5.05 5.500000
52    1    12     4     Pasteur     7 7.0000000 6.00 2.125 2.3333333 4.50 1.4285714 3.652174  5.15 4.777778
53    1    15     7     Pasteur     7 3.8333333 7.50 3.250 0.6666667 1.50 0.1428571 3.260870  4.20 5.388889
54    1    13     4     Pasteur     7 5.1666667 4.75 1.750 3.3333333 3.50 2.1428571 3.478261  5.10 4.194444
55    1    12     8     Pasteur     7 5.0000000 6.00 4.125 2.0000000 4.50 2.1428571 4.173913  4.80 4.416667
56    1    14     4     Pasteur     7 5.6666667 5.25 2.125 2.6666667 4.50 1.4285714 4.043478  5.70 5.555556
57    1    16     2     Pasteur     7 4.0000000 4.75 3.250 1.6666667 3.00 1.7142857 4.173913  5.25 5.638889
58    1    13     3     Pasteur     7 5.8333333 5.25 3.875 2.6666667 5.50 2.4285714 3.434783  5.80 4.750000
59    2    14     0     Pasteur     7 3.8333333 6.50 2.000 1.0000000 2.50 1.2857143 3.391304  4.55 4.833333
60    1    15     3     Pasteur     7 4.1666667 5.75 1.750 1.3333333 3.00 1.0000000 3.521739  6.15 3.944444
61    2    12     5     Pasteur     7 5.3333333 5.75 3.375 4.0000000 5.50 2.5714286 5.260870  6.20 6.138889
62    2    12     9     Pasteur     7 4.0000000 6.00 3.625 2.6666667 5.00 2.1428571 4.913043  5.35 4.777778
63    2    12    10     Pasteur     7 5.3333333 6.75 1.375 1.6666667 2.50 0.7142857 2.652174  3.85 5.333333
64    2    13    11     Pasteur     7 5.3333333 5.00 1.250 3.3333333 4.50 2.4285714 5.521739  5.45 5.833333
65    2    13     1     Pasteur     7 3.6666667 5.75 3.625 2.6666667 5.00 1.4285714 3.304348  4.50 5.027778
66    2    12    11     Pasteur     7 6.5000000 6.00 2.500 3.6666667 4.50 3.0000000 5.695652  5.40 6.305556
67    1    14    11     Pasteur     7 4.0000000 9.25 4.000 3.0000000 3.75 1.0000000 3.608696  5.75 6.194444
68    2    13     0     Pasteur     7 4.6666667 5.75 3.625 2.6666667 2.75 1.8571429 3.869565  6.10 4.250000
69    2    13     9     Pasteur     7 2.8333333 5.00 0.875 3.0000000 2.50 1.5714286 6.826087  5.70 3.916667
70    1    12     8     Pasteur     7 4.6666667 5.00 0.750 4.3333333 4.00 2.7142857 4.739130  5.95 5.416667
71    2    14     2     Pasteur     7 0.6666667 4.50 0.750 2.0000000 3.00 1.0000000 3.608696  5.50 4.611111
72    1    13     3     Pasteur     7 4.3333333 9.25 3.375 1.3333333 2.25 1.1428571 3.739130  5.75 5.166667
73    1    13     1     Pasteur     7 5.0000000 4.50 2.625 1.6666667 2.75 1.5714286 5.260870  7.35 5.972222
74    1    13     7     Pasteur     7 5.0000000 6.00 3.250 3.3333333 5.75 2.7142857 3.478261  4.60 4.277778
75    2    12     9     Pasteur     7 4.1666667 5.25 2.125 3.0000000 3.25 0.7142857 3.478261  5.70 4.583333
76    2    13     9     Pasteur     7 3.8333333 5.25 2.375 1.6666667 2.25 1.0000000 3.130435  5.75 4.666667
77    1    12     6     Pasteur     7 5.6666667 7.00 2.125 4.0000000 4.75 2.2857143 5.652174  5.70 6.472222
78    1    16     7     Pasteur     7 1.6666667 5.75 1.375 0.0000000 1.50 1.1428571 5.695652  4.00 5.638889
79    2    14     7     Pasteur     8 6.3333333 5.50 4.125 4.0000000 3.25 1.8571429 5.565217  7.35 5.750000
80    1    14     1     Pasteur     8 4.0000000 5.25 2.500 1.0000000 1.50 1.8571429 4.695652  5.15 5.333333
81    1    14    11     Pasteur     8 4.5000000 6.00 1.750 1.6666667 2.00 1.5714286 5.869565  6.45 6.027778
82    1    13     7     Pasteur     8 4.6666667 8.00 4.250 3.0000000 4.75 2.4285714 5.130435  5.75 5.305556
83    1    14     5     Pasteur     8 4.8333333 8.25 2.250 0.3333333 2.25 0.5714286 5.347826  5.20 5.777778
84    2    13     2     Pasteur     8 4.8333333 6.50 1.750 2.3333333 3.50 0.7142857 5.782609  5.75 4.972222
85    2    14     7     Pasteur     8 3.0000000 5.25 0.625 1.0000000 1.50 1.0000000 4.956522  4.85 4.583333
86    2    12    11     Pasteur     8 6.3333333 6.25 2.500 3.3333333 5.75 3.7142857 4.608696  6.85 5.472222
87    2    13     8     Pasteur     8 5.5000000 7.00 2.875 2.6666667 4.00 0.8571429 4.086957  5.40 5.972222
88    2    13     3     Pasteur     8 5.3333333 6.00 2.750 4.0000000 5.00 2.1428571 5.521739  4.55 5.138889
89    2    13    11     Pasteur     8 3.3333333 7.25 3.250 1.3333333 1.25 0.5714286 3.565217  5.55 4.888889
90    2    13    10     Pasteur     8 5.5000000 5.00 2.250 3.6666667 4.50 1.7142857 4.173913  5.95 6.666667
91    1    13    10     Pasteur     8 4.0000000 6.50 2.625 2.6666667 2.75 1.8571429 6.652174  7.50 5.444444
92    2    14     0     Pasteur     8 3.8333333 6.25 3.375 2.0000000 3.75 0.4285714 5.391304  7.80 6.111111
93    1    15     4     Pasteur     8 5.1666667 4.75 2.125 1.0000000 2.00 1.5714286 3.565217  6.40 5.722222
94    1    13     8     Pasteur     8 4.3333333 3.50 0.875 2.6666667 3.25 1.1428571 3.608696  4.80 3.944444
95    1    14    10     Pasteur     8 4.1666667 5.50 0.875 4.6666667 4.75 2.1428571 4.130435  5.35 3.777778
96    1    13     8     Pasteur     8 5.0000000 5.75 4.250 4.0000000 4.25 2.4285714 3.565217  3.60 5.444444
97    1    13     4     Pasteur     8 4.3333333 4.75 0.500 3.3333333 5.75 2.8571429 5.521739  5.85 4.222222
98    2    13     2     Pasteur     8 7.5000000 7.50 2.125 5.3333333 6.75 2.7142857 5.130435  5.55 7.222222
99    2    13    11     Pasteur     8 5.0000000 3.75 1.375 1.6666667 2.75 1.4285714 5.565217  6.10 4.611111
100   1    13     4     Pasteur     8 5.5000000 6.25 2.750 3.6666667 4.50 3.2857143 4.913043  5.15 5.750000
101   1    15     3     Pasteur     8 6.1666667 3.75 4.375 2.6666667 3.25 1.0000000 4.260870  5.30 6.250000
102   2    13    10     Pasteur     8 6.5000000 6.50 1.875 3.6666667 3.75 1.7142857 4.521739  4.40 6.583333
103   1    13     3     Pasteur     8 4.3333333 7.75 1.875 4.3333333 4.50 1.8571429 5.869565  6.25 4.111111
104   1    13     4     Pasteur     8 4.6666667 5.25 1.625 3.3333333 4.50 2.8571429 3.826087  4.85 4.833333
105   1    15     3     Pasteur     8 6.8333333 9.00 4.375 2.6666667 5.75 5.0000000 3.000000  6.20 6.027778
106   2    12    10     Pasteur     8 4.5000000 6.50 3.125 2.6666667 5.50 2.1428571 6.347826  6.50 6.166667
107   2    13     5     Pasteur     8 6.8333333 6.50 0.750 5.3333333 5.75 3.1428571 7.434783  5.70 5.194444
108   2    13    10     Pasteur     8 5.5000000 6.75 3.750 2.6666667 2.75 2.0000000 4.173913  6.80 7.000000
109   2    14     5     Pasteur     8 6.3333333 5.50 1.625 5.6666667 5.50 4.0000000 5.695652  6.40 7.527778
110   2    13     3     Pasteur     8 4.1666667 4.25 2.250 3.3333333 3.50 1.4285714 4.478261  4.15 3.361111
111   1    13     4     Pasteur     8 5.6666667 9.25 4.375 3.6666667 4.75 3.0000000 3.260870  3.90 4.861111
112   2    13     1     Pasteur     8 6.3333333 5.25 2.625 4.3333333 4.25 1.5714286 2.869565  6.00 5.444444
113   1    13     4     Pasteur     8 6.1666667 6.25 4.250 5.0000000 3.50 1.8571429 4.565217  5.35 5.444444
114   2    14     0     Pasteur     8 5.1666667 6.50 1.750 4.0000000 5.25 1.8571429 4.695652  4.30 6.000000
115   1    14     5     Pasteur     8 4.1666667 7.50 3.875 1.0000000 2.00 0.8571429 3.565217  3.95 6.333333
116   2    13     1     Pasteur     8 4.1666667 5.75 1.000 3.6666667 4.75 1.8571429 4.826087  5.85 5.416667
117   1    16     0     Pasteur     8 5.1666667 5.75 2.500 2.6666667 4.75 2.7142857 5.304348  6.85 5.000000
118   1    13    10     Pasteur     8 4.3333333 5.25 4.000 3.0000000 2.75 1.0000000 5.565217  6.60 6.444444
119   1    13     4     Pasteur     8 3.5000000 7.25 3.375 2.3333333 2.25 1.1428571 3.695652  5.20 5.166667
120   1    16     5     Pasteur     8 4.6666667 4.75 1.625 2.6666667 3.25 2.0000000 4.086957  5.55 5.444444
121   2    14     4     Pasteur     8 4.8333333 6.00 1.500 2.6666667 4.25 1.2857143 5.826087  6.40 6.861111
122   1    15     1     Pasteur     8 5.0000000 5.50 2.375 3.3333333 3.00 2.0000000 4.608696  6.40 3.305556
123   2    14     4     Pasteur     8 7.5000000 7.00 4.250 4.0000000 6.50 3.5714286 3.739130  7.60 6.500000
124   2    15     8     Pasteur     8 5.3333333 5.25 4.125 2.3333333 3.75 1.5714286 3.652174  5.35 4.777778
125   1    14     5     Pasteur     8 6.1666667 6.75 4.125 3.3333333 5.00 2.8571429 5.000000  6.90 6.388889
126   2    15     4     Pasteur     8 5.3333333 8.75 3.125 4.3333333 4.00 1.1428571 4.000000  6.95 5.666667
127   2    13    11     Pasteur     8 4.3333333 7.00 1.000 4.3333333 5.50 3.0000000 5.130435  5.65 4.916667
128   2    13    11     Pasteur     8 4.8333333 7.00 1.125 3.3333333 5.00 2.2857143 4.913043  5.25 4.972222
129   2    13     4     Pasteur     8 6.0000000 7.50 3.250 3.0000000 6.00 2.4285714 3.304348  5.10 5.777778
130   1    14     1     Pasteur     8 5.0000000 4.50 1.625 2.0000000 2.75 0.5714286 4.521739  6.25 6.305556
131   1    13    11     Pasteur     8 4.1666667 8.00 4.375 4.3333333 6.25 3.1428571 4.565217  7.80 7.000000
132   2    14     1     Pasteur     8 5.6666667 5.50 3.500 4.0000000 4.25 2.2857143 7.260870  6.35 7.194444
133   2    15     3     Pasteur     8 5.0000000 6.25 1.750 1.3333333 2.00 0.5714286 4.913043  6.00 4.805556
134   2    13     6     Pasteur     8 3.5000000 5.25 2.250 2.0000000 3.75 1.8571429 4.695652  5.25 3.722222
135   1    14     7     Pasteur     8 7.3333333 8.00 2.625 2.6666667 5.00 2.4285714 3.434783  6.00 6.166667
136   1    13     4     Pasteur     8 6.1666667 7.50 3.625 4.0000000 6.25 2.5714286 4.391304  5.85 6.111111
137   1    13    10     Pasteur     8 4.8333333 5.25 4.500 4.3333333 5.75 2.8571429 3.347826  5.10 5.444444
138   1    13     2     Pasteur     8 5.6666667 6.25 2.750 3.3333333 5.25 2.1428571 4.434783  5.15 4.555556
139   2    14     2     Pasteur     8 5.5000000 6.75 4.500 2.3333333 4.50 2.5714286 6.260870  6.55 6.888889
140   2    14     7     Pasteur     8 5.1666667 5.00 2.500 3.3333333 5.75 3.0000000 6.434783  8.30 7.083333
141   2    14     0     Pasteur     8 3.1666667 3.75 1.500 3.3333333 5.75 2.2857143 6.043478  5.25 6.222222
142   2    14     9     Pasteur     8 5.0000000 7.50 4.500 2.0000000 1.50 0.4285714 3.304348  5.25 5.722222
143   1    15     0     Pasteur     8 7.1666667 9.00 3.875 3.6666667 5.25 4.7142857 3.826087  7.10 5.777778
144   2    12     9     Pasteur     8 7.3333333 6.75 4.000 6.0000000 6.50 6.1428571 5.347826  5.75 6.611111
145   2    15     8     Pasteur     8 2.0000000 5.50 0.625 2.6666667 5.00 0.8571429 2.391304  5.60 5.972222
146   2    13     6     Pasteur     8 3.8333333 5.50 1.875 3.6666667 5.00 3.0000000 5.608696  4.90 3.861111
147   2    13     8     Pasteur     8 4.1666667 6.00 1.250 4.0000000 5.00 2.5714286 6.956522  6.25 6.305556
148   2    15     8     Pasteur     8 4.6666667 5.75 1.625 0.6666667 2.50 1.4285714 4.521739  5.00 4.750000
149   1    14     4     Pasteur     8 5.8333333 4.75 2.625 5.6666667 5.50 4.1428571 3.565217  6.30 5.472222
150   1    15     1     Pasteur     8 6.6666667 5.50 4.375 2.6666667 3.75 1.0000000 5.130435  4.75 5.222222
151   1    13    11     Pasteur     8 6.8333333 7.25 4.250 5.0000000 5.75 4.8571429 5.652174  7.55 6.166667
152   1    15     5     Pasteur     8 5.3333333 4.75 2.625 3.0000000 5.50 2.1428571 5.782609  7.90 6.944444
153   1    14     1     Pasteur     8 4.8333333 5.00 2.375 3.0000000 4.25 2.4285714 5.391304  7.50 5.416667
154   2    15     1     Pasteur     8 5.1666667 6.00 2.375 1.3333333 2.25 1.1428571 5.391304  6.15 5.194444
155   2    15     7     Pasteur     8 6.3333333 6.75 1.125 3.0000000 2.50 1.4285714 4.695652  5.60 4.138889
156   2    15     6     Pasteur     8 4.8333333 5.75 1.250 3.0000000 4.75 2.1428571 3.608696  6.15 4.694444
157   1    13     0 Grant-White     7 3.8333333 4.75 0.500 3.3333333 4.25 1.4285714 3.000000  4.10 4.333333
158   2    11    10 Grant-White     7 5.5000000 5.50 2.125 2.6666667 4.25 1.4285714 2.826087  4.90 5.416667
159   1    12     6 Grant-White     7 5.6666667 6.00 2.750 3.6666667 4.75 2.7142857 2.173913  4.30 6.333333
160   1    11    11 Grant-White     7 4.8333333 5.75 1.125 3.0000000 4.75 1.5714286 4.956522  5.15 4.000000
161   1    12     5 Grant-White     7 2.6666667 6.25 1.250 2.6666667 6.25 3.4285714 4.869565  6.10 4.444444
162   2    12     6 Grant-White     7 5.0000000 6.25 2.500 3.3333333 5.75 2.5714286 4.086957  5.65 5.583333
163   2    12     8 Grant-White     7 6.0000000 8.25 4.500 5.6666667 6.25 5.8571429 5.608696  6.95 9.250000
164   2    11    11 Grant-White     7 4.6666667 6.25 1.125 3.3333333 4.50 1.5714286 4.173913  4.75 4.833333
165   2    12     5 Grant-White     7 5.0000000 6.25 1.375 3.6666667 5.25 1.1428571 4.478261  5.70 5.472222
166   2    12     5 Grant-White     7 3.3333333 6.25 0.750 3.0000000 5.25 2.2857143 3.869565  5.05 4.944444
167   1    12     0 Grant-White     7 4.5000000 6.50 0.750 3.3333333 4.00 1.8571429 3.826087  5.35 3.805556
168   1    12    10 Grant-White     7 5.3333333 5.25 1.000 0.3333333 1.75 1.5714286 4.478261  6.80 4.277778
169   1    12     9 Grant-White     7 6.3333333 7.75 1.500 3.3333333 2.75 2.0000000 3.608696  5.40 5.583333
170   2    12     8 Grant-White     7 2.8333333 5.25 0.750 1.6666667 2.50 1.4285714 4.304348  4.35 4.083333
171   1    12     9 Grant-White     7 5.6666667 7.00 3.000 4.6666667 5.50 3.7142857 2.130435  4.20 4.750000
172   1    13     1 Grant-White     7 4.1666667 7.75 2.250 2.3333333 3.00 1.5714286 2.826087  4.00 3.472222
173   2    12     1 Grant-White     7 5.5000000 7.75 3.750 3.6666667 5.75 2.5714286 2.869565  5.65 5.166667
174   1    13     1 Grant-White     7 6.6666667 5.75 2.500 3.3333333 5.75 5.0000000 3.130435  5.20 6.166667
175   2    12     7 Grant-White     7 5.0000000 5.50 2.500 2.6666667 4.25 2.8571429 4.130435  5.50 4.472222
176   2    12     1 Grant-White     7 6.0000000 7.00 2.750 4.3333333 6.00 5.1428571 3.565217  5.15 5.694444
177   1    12     9 Grant-White     7 4.0000000 4.00 1.750 1.6666667 4.25 1.5714286 4.608696  4.00 3.277778
178   1    12     8 Grant-White     7 6.6666667 6.50 3.250 4.3333333 6.00 3.5714286 3.826087  6.05 6.250000
179   2    12     6 Grant-White     7 5.0000000 6.00 2.375 4.6666667 6.50 3.4285714 4.869565  5.75 5.138889
180   1    14     0 Grant-White     7 7.0000000 6.75 3.375 2.3333333 3.25 0.5714286 5.478261 10.00 6.555556
181   2    12     3 Grant-White     7 5.5000000 6.75 2.000 2.6666667 4.25 1.8571429 2.956522  5.80 6.083333
182   2    12     4 Grant-White     7 5.3333333 5.50 1.875 3.0000000 5.00 2.4285714 3.217391  5.90 5.305556
183   1    12     9 Grant-White     7 5.1666667 5.25 0.625 4.3333333 4.75 2.7142857 4.173913  6.05 5.000000
184   2    14     7 Grant-White     7 4.5000000 5.75 0.500 3.0000000 2.75 1.0000000 2.391304  5.90 4.944444
185   1    13     2 Grant-White     7 5.1666667 5.75 1.375 1.3333333 4.00 2.2857143 3.521739  6.40 5.250000
186   1    12     5 Grant-White     7 5.1666667 8.50 0.375 3.0000000 4.75 2.4285714 2.217391  4.60 5.055556
187   2    12     0 Grant-White     7 2.8333333 7.50 1.625 3.0000000 4.25 1.8571429 2.260870  4.70 3.972222
188   1    12     0 Grant-White     7 5.0000000 5.00 1.625 3.0000000 5.00 3.0000000 4.695652  5.65 5.000000
189   1    12     6 Grant-White     7 4.6666667 4.75 1.000 3.0000000 3.50 2.8571429 3.521739  5.80 4.416667
190   1    13     2 Grant-White     7 3.1666667 5.50 1.000 1.6666667 3.00 0.5714286 2.173913  3.60 4.500000
191   1    12     0 Grant-White     7 4.6666667 5.00 1.750 2.6666667 3.75 1.1428571 4.347826  7.20 5.694444
192   2    12    10 Grant-White     7 6.3333333 6.25 1.625 3.0000000 5.75 2.1428571 2.434783  6.50 5.500000
193   2    11    11 Grant-White     7 5.6666667 7.00 1.250 3.0000000 5.50 2.8571429 3.521739  4.80 5.527778
194   2    13     8 Grant-White     7 3.0000000 5.50 0.625 0.6666667 1.00 0.2857143 1.304348  3.05 3.111111
195   2    12     7 Grant-White     7 2.6666667 5.00 1.000 2.0000000 4.50 1.8571429 4.043478  5.55 5.138889
196   2    12     4 Grant-White     7 3.0000000 7.50 2.125 6.3333333 6.00 4.7142857 4.000000  5.40 4.111111
197   2    12     6 Grant-White     7 5.3333333 5.25 1.125 5.0000000 5.00 3.5714286 4.130435  4.60 4.944444
198   1    12     6 Grant-White     7 5.6666667 5.25 1.125 3.0000000 5.75 3.4285714 2.521739  4.55 4.805556
199   1    12     1 Grant-White     7 3.5000000 5.50 1.000 3.0000000 3.00 1.1428571 2.826087  4.20 3.805556
200   2    12     9 Grant-White     7 4.6666667 5.00 1.750 2.6666667 4.50 1.4285714 2.652174  5.00 5.944444
201   2    12     3 Grant-White     7 6.5000000 6.00 3.125 4.6666667 4.25 1.5714286 3.565217  5.20 6.777778
202   2    12     4 Grant-White     7 5.3333333 6.50 1.250 3.6666667 5.75 3.2857143 2.695652  4.15 3.972222
203   2    12    10 Grant-White     7 4.6666667 6.00 1.000 2.0000000 2.50 1.4285714 2.652174  3.85 4.416667
204   1    12     5 Grant-White     7 4.0000000 5.00 2.750 3.6666667 4.75 2.5714286 3.086956  4.70 4.277778
205   2    11    11 Grant-White     7 5.1666667 4.75 1.625 2.6666667 5.50 2.4285714 2.652174  3.50 3.333333
206   2    12     8 Grant-White     7 4.8333333 6.50 3.125 3.3333333 5.50 2.5714286 3.695652  6.40 5.611111
207   1    11    11 Grant-White     7 4.8333333 7.50 1.875 2.3333333 4.00 1.7142857 2.782609  3.70 4.583333
208   1    14     1 Grant-White     7 2.6666667 5.75 0.625 2.3333333 5.00 1.8571429 4.130435  6.40 3.805556
209   2    12     4 Grant-White     7 4.1666667 6.25 3.250 1.6666667 1.75 0.7142857 2.000000  3.60 3.361111
210   1    13     2 Grant-White     7 4.1666667 6.75 1.875 2.0000000 4.00 1.8571429 3.739130  4.95 5.944444
211   2    12     3 Grant-White     7 6.1666667 7.75 2.000 4.6666667 7.00 2.8571429 3.826087  5.70 6.194444
212   2    12    11 Grant-White     7 5.0000000 6.50 2.375 2.3333333 5.25 2.0000000 3.869565  6.05 6.166667
213   1    11     5 Grant-White     7 4.8333333 6.00 1.250 3.0000000 5.25 2.4285714 4.347826  6.05 5.722222
214   2    12     4 Grant-White     7 6.1666667 8.50 2.125 6.0000000 6.00 3.8571429 3.478261  5.60 6.361111
215   2    12     0 Grant-White     7 4.6666667 5.00 0.500 2.6666667 4.50 0.8571429 3.173913  4.20 4.472222
216   1    13    11 Grant-White     7 3.6666667 8.50 2.375 3.3333333 4.25 2.1428571 3.478261  5.05 5.138889
217   2    12     4 Grant-White     7 6.3333333 5.25 2.250 6.0000000 6.50 4.4285714 5.217391  5.45 5.694444
218   1    12     9 Grant-White     7 4.8333333 5.25 2.250 2.3333333 4.00 1.0000000 2.913044  4.40 5.000000
219   1    12    10 Grant-White     7 4.1666667 6.25 3.750 3.0000000 4.00 2.2857143 4.608696  6.35 4.861111
220   2    13     7 Grant-White     7 4.6666667 6.75 1.625 1.6666667 1.50 0.5714286 4.391304  5.30 4.777778
221   1    13     2 Grant-White     7 3.8333333 5.00 2.250 2.0000000 3.00 0.8571429 1.869565  5.00 4.027778
222   2    14     0 Grant-White     7 1.8333333 5.00 1.125 4.3333333 4.00 2.1428571 3.173913  3.65 3.611111
223   2    12    11 Grant-White     7 7.5000000 9.25 3.625 3.3333333 4.00 2.2857143 3.173913  5.05 6.111111
224   2    13     0 Grant-White     7 3.1666667 3.75 0.875 5.0000000 4.75 2.7142857 4.391304  5.60 3.222222
225   2    12     8 Grant-White     7 6.8333333 5.25 1.375 3.0000000 4.00 2.0000000 5.391304  5.95 6.111111
226   1    12     3 Grant-White     7 5.8333333 7.50 4.125 2.6666667 3.75 1.7142857 3.913044  6.30 6.722222
227   2    12     0 Grant-White     7 5.6666667 6.00 2.000 3.0000000 3.50 1.4285714 3.869565  5.80 6.555556
228   1    13     2 Grant-White     7 3.1666667 5.50 1.500 3.3333333 4.00 2.4285714 5.130435  5.80 7.000000
229   1    12     7 Grant-White     7 4.1666667 5.25 1.875 2.6666667 4.25 2.4285714 2.956522  4.10 4.722222
230   1    11     4 Grant-White     7 6.0000000 7.00 4.125 5.0000000 6.00 5.5714286 3.521739  5.20 5.833333
231   2    14     0 Grant-White     7 3.1666667 5.75 0.750 2.3333333 3.25 2.7142857 2.956522  4.85 4.138889
232   2    12     9 Grant-White     7 4.5000000 5.25 0.875 3.0000000 4.75 3.1428571 3.826087  5.45 5.305556
233   2    12     5 Grant-White     7 3.5000000 2.25 1.750 5.0000000 6.25 4.2857143 2.956522  4.55 5.027778
234   1    12     9 Grant-White     7 4.5000000 5.50 4.000 2.6666667 3.25 1.8571429 2.434783  3.75 4.916667
235   2    12     7 Grant-White     7 4.3333333 5.50 1.000 1.6666667 2.75 1.5714286 3.304348  5.70 4.333333
236   1    14     2 Grant-White     8 3.3333333 6.75 1.875 3.0000000 4.75 1.5714286 5.652174  5.25 6.694444
237   2    13     1 Grant-White     8 5.5000000 5.50 1.750 4.3333333 6.25 3.7142857 3.652174  6.35 6.388889
238   2    12    11 Grant-White     8 6.3333333 6.50 0.875 5.3333333 6.25 2.1428571 4.739130  5.55 5.555556
239   2    13     2 Grant-White     8 5.5000000 6.25 4.250 5.0000000 5.75 3.0000000 4.739130  7.15 6.833333
240   1    13     6 Grant-White     8 6.0000000 7.25 2.000 3.0000000 5.75 3.2857143 6.478261  7.80 6.861111
241   1    13     9 Grant-White     8 6.3333333 7.25 4.375 4.3333333 5.50 2.4285714 4.869565  6.30 6.305556
242   2    13     2 Grant-White     8 5.1666667 6.25 3.500 3.3333333 6.25 3.8571429 4.478261  4.90 4.666667
243   2    13     1 Grant-White     8 6.0000000 7.00 1.625 3.6666667 5.75 2.5714286 5.826087  5.10 6.222222
244   1    13     8 Grant-White     8 5.1666667 6.50 3.625 3.6666667 6.50 1.7142857 3.695652  4.95 5.250000
245   2    14     2 Grant-White     8 4.6666667 6.00 0.750 2.6666667 4.25 2.1428571 4.000000  4.75 5.972222
246   1    13     8 Grant-White     8 6.3333333 9.25 3.500 3.3333333 4.75 2.7142857 4.782609  6.75 5.527778
247   1    13     6 Grant-White     8 4.8333333 8.50 2.750 3.3333333 5.00 2.7142857 3.652174  6.60 4.083333
248   1    13     7 Grant-White     8 5.8333333 6.00 1.875 4.0000000 5.00 3.2857143 4.000000  6.25 6.444444
249   2    13     3 Grant-White     8 5.8333333 6.25 3.125 3.6666667 6.00 2.7142857 5.739130  5.90 5.194444
250   2    12    10 Grant-White     8 3.8333333 5.25 0.375 3.0000000 5.25 1.7142857 5.782609  5.55 6.527778
251   2    13     5 Grant-White     8 5.1666667 7.00 3.125 4.0000000 5.75 2.1428571 6.043478  5.50 5.527778
252   1    14     6 Grant-White     8 8.5000000 6.50 4.250 6.0000000 6.50 5.4285714 5.782609  8.05 6.916667
253   2    14     9 Grant-White     8 5.5000000 7.00 2.250 5.0000000 5.75 4.2857143 4.173913  6.10 5.888889
254   2    15    11 Grant-White     8 3.5000000 6.50 2.125 4.0000000 4.00 4.7142857 5.130435  5.60 3.666667
255   2    13     9 Grant-White     8 6.1666667 8.00 1.375 5.3333333 6.25 4.5714286 3.478261  4.75 4.750000
256   1    13     1 Grant-White     8 6.1666667 5.00 2.625 2.6666667 4.75 2.7142857 3.391304  5.05 4.972222
257   1    13     9 Grant-White     8 6.1666667 6.50 3.625 2.3333333 4.75 2.7142857 4.434783  5.65 5.833333
258   1    13     7 Grant-White     8 6.5000000 6.50 3.000 5.6666667 6.50 4.2857143 5.000000  6.80 7.388889
259   2    13     0 Grant-White     8 6.5000000 8.50 4.125 3.3333333 4.75 2.2857143 4.130435  5.95 6.666667
260   2    13     8 Grant-White     8 3.0000000 4.00 0.500 3.3333333 5.25 2.7142857 2.956522  4.00 3.472222
261   2    12     9 Grant-White     8 4.6666667 7.00 2.250 3.3333333 6.25 3.2857143 3.782609  4.65 4.722222
262   1    14    10 Grant-White     8 4.8333333 5.75 1.125 2.0000000 6.00 1.2857143 4.347826  9.10 6.305556
263   2    13     5 Grant-White     8 4.1666667 5.00 1.375 4.0000000 4.75 2.4285714 4.826087  6.25 5.722222
264   1    13     4 Grant-White     8 4.8333333 8.25 1.375 4.3333333 5.75 3.7142857 3.391304  5.15 5.500000
265   2    13     6 Grant-White     8 5.3333333 5.25 1.875 4.6666667 5.00 4.1428571 5.086957  5.40 6.583333
266   1    13     6 Grant-White     8 5.0000000 5.25 2.625 4.0000000 6.00 3.8571429 4.173913  5.65 5.722222
267   2    13     5 Grant-White     8 5.8333333 7.00 2.375 6.0000000 6.75 4.7142857 6.304348  5.85 6.277778
268   1    12     1 Grant-White     8 2.6666667 8.50 4.000 4.6666667 5.50 3.4285714 4.304348  5.40 5.972222
269   2    13     5 Grant-White     8 6.3333333 7.50 4.125 4.6666667 5.50 4.1428571 4.217391  6.00 7.000000
270   2    13     2 Grant-White     8 4.3333333 6.25 0.875 3.3333333 3.75 1.8571429 5.000000  6.45 5.083333
271   2    13     7 Grant-White     8 5.5000000 7.00 1.500 4.6666667 5.25 2.0000000 4.608696  5.30 5.194444
272   1    15     3 Grant-White     8 4.6666667 6.75 4.000 3.3333333 4.75 2.4285714 3.000000  6.50 5.500000
273   2    13     3 Grant-White     8 4.5000000 5.50 2.000 2.6666667 4.75 2.1428571 5.869565  7.10 6.250000
274   2    14     4 Grant-White     8 4.3333333 7.25 1.250 2.6666667 4.75 1.8571429 3.695652  5.45 6.111111
275   1    14     7 Grant-White     8 5.0000000 8.00 3.250 2.3333333 3.75 1.4285714 4.739130  7.00 4.944444
276   1    13     3 Grant-White     8 3.6666667 5.75 1.000 1.3333333 3.25 2.4285714 4.000000  4.05 4.166667
277   1    13     8 Grant-White     8 5.3333333 6.00 1.000 3.0000000 4.75 2.0000000 3.391304  4.45 5.305556
278   1    14     6 Grant-White     8 5.1666667 5.75 1.625 4.0000000 4.75 2.1428571 3.565217  5.40 5.055556
279   1    14     9 Grant-White     8 5.3333333 6.25 2.125 1.6666667 2.75 2.2857143 4.608696  7.15 5.555556
280   1    16     4 Grant-White     8 6.6666667 5.25 1.875 2.6666667 4.50 1.8571429 3.652174  6.30 5.972222
281   1    12    11 Grant-White     8 3.5000000 5.00 1.375 2.3333333 4.75 1.1428571 3.478261  5.85 6.527778
282   1    13     1 Grant-White     8 5.1666667 6.25 3.250 5.0000000 6.00 3.2857143 2.391304  4.00 4.277778
283   2    14     1 Grant-White     8 4.0000000 6.00 2.000 2.6666667 4.50 1.7142857 3.347826  4.70 3.750000
284   1    14     3 Grant-White     8 6.8333333 6.25 1.875 4.0000000 5.25 2.7142857 2.782609  4.70 5.250000
285   2    14     9 Grant-White     8 5.0000000 5.75 1.250 2.6666667 3.50 1.7142857 4.260870  6.60 6.666667
286   1    16     1 Grant-White     8 5.8333333 5.00 2.000 3.3333333 4.00 1.4285714 3.478261  5.25 5.694444
287   1    13     5 Grant-White     8 5.6666667 6.75 2.125 4.3333333 6.25 4.5714286 3.347826  5.95 5.416667
288   1    14     3 Grant-White     8 4.1666667 5.50 1.625 2.3333333 4.00 1.5714286 5.869565  6.30 5.666667
289   2    13     1 Grant-White     8 4.0000000 6.25 0.750 3.0000000 4.75 3.2857143 5.217391  6.55 5.722222
290   1    14     4 Grant-White     8 6.0000000 6.50 2.125 3.3333333 4.75 1.4285714 2.434783  5.75 5.000000
291   1    15     6 Grant-White     8 3.3333333 4.75 0.875 2.6666667 5.00 0.8571429 5.826087  5.50 6.777778
292   1    14    11 Grant-White     8 4.6666667 6.00 1.125 1.3333333 3.00 1.5714286 4.173913  5.75 4.833333
293   2    12    11 Grant-White     8 5.6666667 5.50 1.625 3.3333333 4.25 2.0000000 5.478261  6.00 4.500000
294   1    14     3 Grant-White     8 5.6666667 5.25 2.375 3.3333333 4.50 2.0000000 3.391304  5.15 6.333333
295   2    13     0 Grant-White     8 5.8333333 7.00 1.250 3.0000000 3.25 1.5714286 4.173913  4.85 5.777778
296   1    13     3 Grant-White     8 6.1666667 6.50 3.000 3.0000000 4.25 2.8571429 3.043478  4.25 5.666667
297   1    13     5 Grant-White     8 4.0000000 7.00 1.375 2.6666667 4.25 1.0000000 5.086957  5.60 5.250000
298   2    14    10 Grant-White     8 3.0000000 6.00 1.625 2.3333333 4.00 1.0000000 4.608696  6.05 6.083333
299   2    14     3 Grant-White     8 4.6666667 5.50 1.875 3.6666667 5.75 4.2857143 4.000000  6.00 7.611111
300   1    14     2 Grant-White     8 4.3333333 6.75 0.500 3.6666667 4.50 2.0000000 5.086957  6.20 4.388889
301   1    13     5 Grant-White    NA 4.3333333 6.00 3.375 3.6666667 5.75 3.1428571 4.086957  6.95 5.166667
